zone.home:
  radius: 5
  latitude: 35.2441772
  longitude: 138.8891003
